(1.0,0.9999359660212437)
(1.0,0.9970950841234413)
(1.0,0.9938020879865609)
(1.0,0.9919710584564823)
(1.0,0.616335662183948)
(1.0,0.9856889824091565)
(1.0,0.9512778950544986)
(1.0,0.9839464995167757)
(1.0,0.979264153273577)
(1.0,0.999882926219618)
(1.0,0.9999407952505949)
(1.0,0.8656669610323099)
(1.0,0.9217684982012433)
(1.0,0.5461184081490784)
(1.0,0.9088650553303216)
(0.0,0.26289388272757025)
(0.0,0.7093812062089667)
(0.0,0.8283873667706724)
(0.0,0.7252784384777325)
(0.0,0.00848392796212026)
(0.0,0.18870375830415878)
(0.0,0.05532063544473962)
(0.0,0.48268183335989384)
(0.0,0.5022791184314017)
(0.0,0.05532063544473962)
(0.0,0.8283873667706724)
(0.0,0.03348162710904525)
